NC_039597.1	1	88804	path1	86853	1	minus	97.077	88920	159942	156222	86321	416	2183
NC_039597.1	88822	159908	path1	156222	86870	minus	96.923	71165	159942	156222	68975	300	1890
NC_039597.1	88822	115152	path1	86870	112581	plus	97.014	26358	159942	156222	25571	114	673
NC_039597.1	133578	159908	path1	130511	156222	plus	97.014	26358	159942	156222	25571	114	673
NC_039597.1	42094	42219	path1	43570	43445	minus	80.952	126	159942	156222	102	24	0
NC_039597.1	44318	44443	path1	45750	45625	minus	80.952	126	159942	156222	102	24	0
NC_039597.1	125529	125570	path1	40739	40698	minus	97.619	42	159942	156222	41	1	0
NC_039597.1	47193	47234	path1	120391	120350	minus	97.619	42	159942	156222	41	1	0
NC_039597.1	103308	103347	path1	120388	120349	minus	97.500	40	159942	156222	39	1	0
NC_039597.1	145383	145422	path1	120349	120388	plus	97.500	40	159942	156222	39	1	0
NC_039597.1	103308	103346	path1	40736	40698	minus	97.436	39	159942	156222	38	1	0
NC_039597.1	145384	145422	path1	40698	40736	plus	97.436	39	159942	156222	38	1	0
NC_039597.1	103309	103357	path1	41677	41626	minus	88.462	52	159942	156222	46	3	3
NC_039597.1	145373	145421	path1	41626	41677	plus	88.462	52	159942	156222	46	3	3
NC_039597.1	48870	48957	path1	78262	78348	plus	77.528	89	159942	156222	69	17	3
NC_039597.1	125532	125571	path1	101062	101100	plus	95.000	40	159942	156222	38	1	1
NC_039597.1	125532	125571	path1	142030	141992	minus	95.000	40	159942	156222	38	1	1
NC_039597.1	78749	78788	path1	9822	9861	plus	92.500	40	159942	156222	37	3	0
NC_039597.1	46226	46276	path1	101063	101110	plus	88.235	51	159942	156222	45	3	3
NC_039597.1	46226	46276	path1	142029	141982	minus	88.235	51	159942	156222	45	3	3
NC_039597.1	47196	47234	path1	101062	101099	plus	94.872	39	159942	156222	37	1	1
NC_039597.1	47196	47234	path1	142030	141993	minus	94.872	39	159942	156222	37	1	1
NC_039597.1	35809	35838	path1	33395	33424	plus	100.000	30	159942	156222	30	0	0
NC_039597.1	40973	41059	path1	44672	44587	minus	74.713	87	159942	156222	65	21	1
NC_039597.1	43188	43274	path1	46857	46772	minus	74.713	87	159942	156222	65	21	1
NC_039597.1	54657	54686	path1	51870	51899	plus	100.000	30	159942	156222	30	0	0
NC_039597.1	951	1018	path1	51296	51363	plus	78.873	71	159942	156222	56	9	6
NC_039597.1	8775	8863	path1	39024	39108	plus	76.404	89	159942	156222	68	17	4
NC_039597.1	34286	34344	path1	32141	32082	minus	80.000	60	159942	156222	48	11	1
NC_039597.1	55971	56030	path1	53365	53307	minus	80.000	60	159942	156222	48	11	1
NC_039597.1	11015	11042	path1	76149	76176	plus	100.000	28	159942	156222	28	0	0
NC_039597.1	56039	56076	path1	32037	32074	plus	92.308	39	159942	156222	36	1	2
NC_039597.1	50030	50110	path1	53296	53374	plus	75.309	81	159942	156222	61	18	2
NC_039597.1	46226	46266	path1	120387	120349	minus	87.805	41	159942	156222	36	3	2
NC_039597.1	46226	46265	path1	40735	40698	minus	87.500	40	159942	156222	35	3	2
NC_039597.1	125533	125571	path1	41677	41636	minus	85.714	42	159942	156222	36	3	3
NC_039597.1	43494	43649	path1	46577	46423	minus	68.153	157	159942	156222	107	47	3
NC_039597.1	8772	8804	path1	49319	49287	minus	90.909	33	159942	156222	30	3	0
NC_039597.1	47197	47234	path1	41677	41637	minus	85.366	41	159942	156222	35	3	3
NC_039597.1	43909	44003	path1	46159	46065	minus	70.526	95	159942	156222	67	28	0
NC_039597.1	54983	55058	path1	48094	48015	minus	72.500	80	159942	156222	58	18	4
NC_039597.1	10336	10382	path1	98068	98022	minus	80.851	47	159942	156222	38	9	0
NC_039597.1	10336	10382	path1	145024	145070	plus	80.851	47	159942	156222	38	9	0
NC_039597.1	103305	103347	path1	2542	2501	minus	83.721	43	159942	156222	36	6	1
NC_039597.1	145383	145425	path1	2501	2542	plus	83.721	43	159942	156222	36	6	1
NC_039597.1	40274	40336	path1	47479	47540	plus	78.125	64	159942	156222	50	11	3
NC_039597.1	48928	48955	path1	49287	49314	plus	92.857	28	159942	156222	26	2	0
NC_039597.1	23841	23877	path1	2539	2504	minus	86.486	37	159942	156222	32	4	1
NC_039597.1	86184	86232	path1	6902	6949	plus	79.592	49	159942	156222	39	9	1
NC_039597.1	31328	31365	path1	56210	56247	plus	85.000	40	159942	156222	34	2	4
NC_039597.1	39951	39977	path1	76740	76714	minus	92.593	27	159942	156222	25	2	0
NC_039597.1	45410	45431	path1	96053	96032	minus	100.000	22	159942	156222	22	0	0
NC_039597.1	45410	45431	path1	147039	147060	plus	100.000	22	159942	156222	22	0	0
NC_039597.1	52375	52398	path1	101448	101471	plus	95.833	24	159942	156222	23	1	0
NC_039597.1	52375	52398	path1	141644	141621	minus	95.833	24	159942	156222	23	1	0
NC_039597.1	63097	63122	path1	3555	3580	plus	92.308	26	159942	156222	24	2	0
NC_039597.1	48870	48895	path1	49224	49249	plus	92.308	26	159942	156222	24	2	0
NC_039597.1	33044	33086	path1	53957	53913	minus	82.222	45	159942	156222	37	6	2
NC_039597.1	114661	114692	path1	112141	112110	minus	88.235	34	159942	156222	30	0	4
NC_039597.1	134038	134069	path1	112110	112141	plus	88.235	34	159942	156222	30	0	4
NC_039597.1	134038	134069	path1	130982	130951	minus	88.235	34	159942	156222	30	0	4
NC_039597.1	114661	114692	path1	130951	130982	plus	88.235	34	159942	156222	30	0	4
NC_039597.1	68219	68261	path1	20080	20122	plus	79.070	43	159942	156222	34	9	0
NC_039597.1	63118	63140	path1	25068	25090	plus	95.652	23	159942	156222	22	1	0
NC_039597.1	81709	81756	path1	2505	2552	plus	79.592	49	159942	156222	39	8	2
NC_039597.1	46336	46370	path1	25082	25116	plus	82.857	35	159942	156222	29	6	0
NC_039597.1	38448	38472	path1	78345	78321	minus	92.000	25	159942	156222	23	2	0
NC_039597.1	10976	11000	path1	115988	115964	minus	92.000	25	159942	156222	23	2	0
NC_039597.1	82293	82336	path1	6334	6376	plus	79.545	44	159942	156222	35	8	1
NC_039597.1	60882	60908	path1	17394	17368	minus	88.889	27	159942	156222	24	3	0
NC_039597.1	15666	15687	path1	25113	25092	minus	95.455	22	159942	156222	21	1	0
NC_039597.1	120292	120318	path1	29436	29410	minus	88.889	27	159942	156222	24	3	0
NC_039597.1	17902	17923	path1	39649	39628	minus	95.455	22	159942	156222	21	1	0
NC_039597.1	30120	30146	path1	52374	52400	plus	88.889	27	159942	156222	24	3	0
NC_039597.1	48317	48338	path1	69455	69434	minus	95.455	22	159942	156222	21	1	0
NC_039597.1	58706	58732	path1	125535	125509	minus	88.889	27	159942	156222	24	3	0
NC_039597.1	63090	63113	path1	3578	3555	minus	91.667	24	159942	156222	22	2	0
NC_039597.1	18864	18889	path1	18148	18172	plus	92.308	26	159942	156222	24	1	1
NC_039597.1	67723	67741	path1	20592	20610	plus	100.000	19	159942	156222	19	0	0
NC_039597.1	46504	46534	path1	41379	41408	plus	87.097	31	159942	156222	27	3	1
NC_039597.1	88046	88083	path1	54617	54652	plus	81.579	38	159942	156222	31	5	2
NC_039597.1	70239	70263	path1	68479	68504	plus	92.308	26	159942	156222	24	1	1
NC_039597.1	48763	48793	path1	74343	74311	minus	84.848	33	159942	156222	28	3	2
NC_039597.1	130036	130061	path1	76215	76191	minus	92.308	26	159942	156222	24	1	1
NC_039597.1	115796	115853	path1	86673	86734	plus	74.194	62	159942	156222	46	12	4
NC_039597.1	94529	94547	path1	101612	101594	minus	100.000	19	159942	156222	19	0	0
NC_039597.1	154183	154201	path1	101594	101612	plus	100.000	19	159942	156222	19	0	0
NC_039597.1	154183	154201	path1	141498	141480	minus	100.000	19	159942	156222	19	0	0
NC_039597.1	94529	94547	path1	141480	141498	plus	100.000	19	159942	156222	19	0	0
NC_039597.1	40157	40177	path1	17294	17274	minus	95.238	21	159942	156222	20	1	0
NC_039597.1	50226	50267	path1	31969	32013	plus	80.435	46	159942	156222	37	4	5
NC_039597.1	86187	86233	path1	63605	63562	minus	78.723	47	159942	156222	37	7	3
NC_039597.1	79185	79205	path1	73095	73075	minus	95.238	21	159942	156222	20	1	0
NC_039597.1	131832	131852	path1	74329	74309	minus	95.238	21	159942	156222	20	1	0
NC_039597.1	38432	38457	path1	82083	82058	minus	88.462	26	159942	156222	23	3	0
NC_039597.1	12898	12918	path1	114242	114222	minus	95.238	21	159942	156222	20	1	0
NC_039597.1	48700	48725	path1	114342	114317	minus	88.462	26	159942	156222	23	3	0
NC_039597.1	15668	15700	path1	3555	3587	plus	81.818	33	159942	156222	27	6	0
NC_039597.1	34541	34558	path1	53100	53117	plus	100.000	18	159942	156222	18	0	0
NC_039597.1	63094	63116	path1	71637	71615	minus	91.304	23	159942	156222	21	2	0
NC_039597.1	50305	50327	path1	71673	71651	minus	91.304	23	159942	156222	21	2	0
NC_039597.1	34616	34660	path1	82423	82380	minus	77.778	45	159942	156222	35	9	1
NC_039597.1	113708	113725	path1	104906	104889	minus	100.000	18	159942	156222	18	0	0
NC_039597.1	135005	135022	path1	104889	104906	plus	100.000	18	159942	156222	18	0	0
NC_039597.1	38283	38314	path1	125163	125192	plus	84.375	32	159942	156222	27	3	2
NC_039597.1	135005	135022	path1	138203	138186	minus	100.000	18	159942	156222	18	0	0
NC_039597.1	113708	113725	path1	138186	138203	plus	100.000	18	159942	156222	18	0	0
NC_039597.1	64201	64220	path1	11648	11629	minus	95.000	20	159942	156222	19	1	0
NC_039597.1	113669	113688	path1	17552	17533	minus	95.000	20	159942	156222	19	1	0
NC_039597.1	135042	135061	path1	17533	17552	plus	95.000	20	159942	156222	19	1	0
NC_039597.1	52590	52614	path1	18809	18833	plus	88.000	25	159942	156222	22	3	0
NC_039597.1	45831	45859	path1	27346	27372	plus	86.207	29	159942	156222	25	2	2
NC_039597.1	131943	131977	path1	33160	33121	minus	80.000	40	159942	156222	32	3	5
NC_039597.1	125828	125847	path1	35711	35730	plus	95.000	20	159942	156222	19	1	0
NC_039597.1	3411	3430	path1	36068	36049	minus	95.000	20	159942	156222	19	1	0
NC_039597.1	58706	58741	path1	48463	48495	plus	83.333	36	159942	156222	30	3	3
NC_039597.1	39580	39610	path1	53466	53435	minus	84.375	32	159942	156222	27	4	1
NC_039597.1	5497	5527	path1	79631	79600	minus	84.375	32	159942	156222	27	4	1
NC_039597.1	79819	79838	path1	81576	81595	plus	95.000	20	159942	156222	19	1	0
NC_039597.1	47870	47908	path1	82401	82359	minus	76.744	43	159942	156222	33	6	4
NC_039597.1	126764	126788	path1	96030	96054	plus	88.000	25	159942	156222	22	3	0
NC_039597.1	100246	100275	path1	98103	98074	minus	83.333	30	159942	156222	25	5	0
NC_039597.1	148455	148484	path1	98074	98103	plus	83.333	30	159942	156222	25	5	0
NC_039597.1	19735	19754	path1	102694	102713	plus	95.000	20	159942	156222	19	1	0
NC_039597.1	112964	113025	path1	111194	111135	minus	74.603	63	159942	156222	47	12	4
NC_039597.1	135705	135766	path1	111135	111194	plus	74.603	63	159942	156222	47	12	4
NC_039597.1	32817	32836	path1	112929	112910	minus	95.000	20	159942	156222	19	1	0
NC_039597.1	98168	98192	path1	119187	119163	minus	88.000	25	159942	156222	22	3	0
NC_039597.1	150538	150562	path1	119163	119187	plus	88.000	25	159942	156222	22	3	0
NC_039597.1	52315	52334	path1	120076	120095	plus	95.000	20	159942	156222	19	1	0
NC_039597.1	119196	119220	path1	126565	126589	plus	88.000	25	159942	156222	22	3	0
NC_039597.1	135705	135766	path1	131957	131898	minus	74.603	63	159942	156222	47	12	4
NC_039597.1	112964	113025	path1	131898	131957	plus	74.603	63	159942	156222	47	12	4
NC_039597.1	19735	19754	path1	140398	140379	minus	95.000	20	159942	156222	19	1	0
NC_039597.1	148455	148484	path1	145018	144989	minus	83.333	30	159942	156222	25	5	0
NC_039597.1	100246	100275	path1	144989	145018	plus	83.333	30	159942	156222	25	5	0
NC_039597.1	126764	126788	path1	147062	147038	minus	88.000	25	159942	156222	22	3	0
NC_039597.1	63864	63880	path1	16215	16231	plus	100.000	17	159942	156222	17	0	0
NC_039597.1	93884	93900	path1	20460	20444	minus	100.000	17	159942	156222	17	0	0
NC_039597.1	154830	154846	path1	20444	20460	plus	100.000	17	159942	156222	17	0	0
NC_039597.1	72226	72242	path1	24338	24354	plus	100.000	17	159942	156222	17	0	0
NC_039597.1	35160	35185	path1	27129	27100	minus	83.333	30	159942	156222	25	1	4
NC_039597.1	54297	54313	path1	30517	30501	minus	100.000	17	159942	156222	17	0	0
NC_039597.1	119396	119417	path1	33075	33054	minus	90.909	22	159942	156222	20	2	0
NC_039597.1	115240	115261	path1	37352	37331	minus	90.909	22	159942	156222	20	2	0
NC_039597.1	38449	38465	path1	39029	39045	plus	100.000	17	159942	156222	17	0	0
NC_039597.1	83525	83547	path1	48432	48409	minus	91.667	24	159942	156222	22	1	1
NC_039597.1	27370	27401	path1	48785	48754	minus	81.250	32	159942	156222	26	6	0
NC_039597.1	8942	8973	path1	55400	55369	minus	81.250	32	159942	156222	26	6	0
NC_039597.1	64674	64712	path1	56910	56947	plus	79.487	39	159942	156222	31	7	1
NC_039597.1	63171	63207	path1	57430	57394	minus	78.378	37	159942	156222	29	8	0
NC_039597.1	28380	28401	path1	58407	58386	minus	90.909	22	159942	156222	20	2	0
NC_039597.1	29118	29139	path1	59117	59096	minus	90.909	22	159942	156222	20	2	0
NC_039597.1	118485	118501	path1	65455	65439	minus	100.000	17	159942	156222	17	0	0
NC_039597.1	3934	3960	path1	65631	65657	plus	85.185	27	159942	156222	23	4	0
NC_039597.1	246	284	path1	71611	71648	plus	79.487	39	159942	156222	31	7	1
NC_039597.1	14558	14574	path1	72708	72724	plus	100.000	17	159942	156222	17	0	0
NC_039597.1	67008	67029	path1	79808	79829	plus	90.909	22	159942	156222	20	2	0
NC_039597.1	68108	68124	path1	81976	81992	plus	100.000	17	159942	156222	17	0	0
NC_039597.1	92916	92932	path1	82404	82388	minus	100.000	17	159942	156222	17	0	0
NC_039597.1	155798	155814	path1	82388	82404	plus	100.000	17	159942	156222	17	0	0
NC_039597.1	479	495	path1	86425	86441	plus	100.000	17	159942	156222	17	0	0
NC_039597.1	48186	48207	path1	98086	98107	plus	90.909	22	159942	156222	20	2	0
NC_039597.1	133434	133455	path1	99657	99678	plus	90.909	22	159942	156222	20	2	0
NC_039597.1	29261	29277	path1	101446	101430	minus	100.000	17	159942	156222	17	0	0
NC_039597.1	107229	107245	path1	111193	111177	minus	100.000	17	159942	156222	17	0	0
NC_039597.1	141485	141501	path1	111177	111193	plus	100.000	17	159942	156222	17	0	0
NC_039597.1	84503	84537	path1	114458	114421	minus	78.947	38	159942	156222	30	5	3
NC_039597.1	86887	86903	path1	116161	116145	minus	100.000	17	159942	156222	17	0	0
NC_039597.1	5355	5383	path1	117021	117048	plus	86.207	29	159942	156222	25	3	1
NC_039597.1	117571	117587	path1	117545	117529	minus	100.000	17	159942	156222	17	0	0
NC_039597.1	131832	131853	path1	126947	126968	plus	90.909	22	159942	156222	20	2	0
NC_039597.1	46359	46380	path1	127746	127725	minus	90.909	22	159942	156222	20	2	0
NC_039597.1	128432	128448	path1	128139	128123	minus	100.000	17	159942	156222	17	0	0
NC_039597.1	141485	141501	path1	131915	131899	minus	100.000	17	159942	156222	17	0	0
NC_039597.1	107229	107245	path1	131899	131915	plus	100.000	17	159942	156222	17	0	0
NC_039597.1	29261	29277	path1	141646	141662	plus	100.000	17	159942	156222	17	0	0
NC_039597.1	133434	133455	path1	143435	143414	minus	90.909	22	159942	156222	20	2	0
NC_039597.1	48186	48207	path1	145006	144985	minus	90.909	22	159942	156222	20	2	0
