NC_039597.1	2	69543	path1	26	67968	plus	97.070	69591	159942	153931	67552	342	1697
NC_039597.1	69372	107479	path1	67962	105305	plus	96.954	38186	159942	153931	37023	243	920
NC_039597.1	112268	136462	path1	108599	132273	plus	97.558	24202	159942	153931	23611	57	534
NC_039597.1	141251	159941	path1	105305	86909	minus	98.213	18694	159942	153931	18360	34	300
NC_039597.1	88822	107479	path1	153931	135567	minus	98.221	18661	159942	153931	18329	33	299
NC_039597.1	141251	159908	path1	135567	153931	plus	98.221	18661	159942	153931	18329	33	299
NC_039597.1	133578	136462	path1	111438	108599	minus	98.267	2885	159942	153931	2835	5	45
NC_039597.1	112268	115152	path1	132273	129434	minus	98.267	2885	159942	153931	2835	5	45
NC_039597.1	44318	44443	path1	41088	41213	plus	80.952	126	159942	153931	102	24	0
NC_039597.1	42094	42219	path1	43269	43393	plus	78.571	126	159942	153931	99	26	1
NC_039597.1	125529	125570	path1	46069	46110	plus	97.619	42	159942	153931	41	1	0
NC_039597.1	47193	47234	path1	121584	121625	plus	97.619	42	159942	153931	41	1	0
NC_039597.1	125532	125571	path1	101202	101241	plus	97.500	40	159942	153931	39	1	0
NC_039597.1	145383	145422	path1	121626	121587	minus	97.500	40	159942	153931	39	1	0
NC_039597.1	103308	103347	path1	121587	121626	plus	97.500	40	159942	153931	39	1	0
NC_039597.1	125532	125571	path1	139670	139631	minus	97.500	40	159942	153931	39	1	0
NC_039597.1	48870	48957	path1	8618	8531	minus	77.778	90	159942	153931	70	16	4
NC_039597.1	145381	145422	path1	46113	46072	minus	95.238	42	159942	153931	40	2	0
NC_039597.1	103308	103349	path1	46072	46113	plus	95.238	42	159942	153931	40	2	0
NC_039597.1	46226	46276	path1	101203	101251	plus	90.196	51	159942	153931	46	3	2
NC_039597.1	46226	46276	path1	139669	139621	minus	90.196	51	159942	153931	46	3	2
NC_039597.1	47196	47234	path1	101202	101240	plus	97.436	39	159942	153931	38	1	0
NC_039597.1	47196	47234	path1	139670	139632	minus	97.436	39	159942	153931	38	1	0
NC_039597.1	43494	43662	path1	40258	40425	plus	68.824	170	159942	153931	117	50	3
NC_039597.1	41258	41426	path1	42465	42632	plus	68.824	170	159942	153931	117	50	3
NC_039597.1	145373	145421	path1	45183	45135	minus	85.714	49	159942	153931	42	7	0
NC_039597.1	103309	103357	path1	45135	45183	plus	85.714	49	159942	153931	42	7	0
NC_039597.1	8775	8863	path1	47787	47703	minus	76.404	89	159942	153931	68	17	4
NC_039597.1	78749	78784	path1	77144	77109	minus	94.444	36	159942	153931	34	2	0
NC_039597.1	54657	54686	path1	35044	35015	minus	100.000	30	159942	153931	30	0	0
NC_039597.1	40973	41059	path1	42162	42247	plus	74.713	87	159942	153931	65	21	1
NC_039597.1	35809	35838	path1	53412	53383	minus	100.000	30	159942	153931	30	0	0
NC_039597.1	11015	11042	path1	10734	10707	minus	100.000	28	159942	153931	28	0	0
NC_039597.1	56039	56079	path1	54765	54725	minus	90.476	42	159942	153931	38	2	2
NC_039597.1	86194	86236	path1	101199	101241	plus	86.047	43	159942	153931	37	6	0
NC_039597.1	86194	86236	path1	139673	139631	minus	86.047	43	159942	153931	37	6	0
NC_039597.1	46226	46266	path1	121588	121626	plus	87.805	41	159942	153931	36	3	2
NC_039597.1	46226	46268	path1	46073	46113	plus	86.047	43	159942	153931	37	4	2
NC_039597.1	38440	38472	path1	8528	8560	plus	90.909	33	159942	153931	30	3	0
NC_039597.1	43909	44003	path1	40678	40772	plus	70.526	95	159942	153931	67	28	0
NC_039597.1	50030	50110	path1	33607	33529	minus	74.074	81	159942	153931	60	19	2
NC_039597.1	54983	55058	path1	38738	38817	plus	72.500	80	159942	153931	58	18	4
NC_039597.1	67699	67741	path1	66219	66179	minus	83.721	43	159942	153931	36	5	2
NC_039597.1	82293	82336	path1	80659	80616	minus	81.818	44	159942	153931	36	8	0
NC_039597.1	46504	46534	path1	45430	45400	minus	90.323	31	159942	153931	28	3	0
NC_039597.1	145383	145425	path1	84411	84367	minus	82.222	45	159942	153931	37	6	2
NC_039597.1	103305	103347	path1	84367	84411	plus	82.222	45	159942	153931	37	6	2
NC_039597.1	68219	68261	path1	66716	66679	minus	81.395	43	159942	153931	35	3	5
NC_039597.1	41679	41773	path1	42867	42961	plus	69.474	95	159942	153931	66	29	0
NC_039597.1	31328	31365	path1	30704	30667	minus	85.000	40	159942	153931	34	2	4
NC_039597.1	98170	98191	path1	44357	44336	minus	100.000	22	159942	153931	22	0	0
NC_039597.1	150539	150560	path1	44336	44357	plus	100.000	22	159942	153931	22	0	0
NC_039597.1	45410	45431	path1	96194	96173	minus	100.000	22	159942	153931	22	0	0
NC_039597.1	10336	10382	path1	98230	98184	minus	78.723	47	159942	153931	37	10	0
NC_039597.1	10336	10382	path1	142642	142688	plus	78.723	47	159942	153931	37	10	0
NC_039597.1	45410	45431	path1	144678	144699	plus	100.000	22	159942	153931	22	0	0
NC_039597.1	10439	10462	path1	38988	39011	plus	95.833	24	159942	153931	23	1	0
NC_039597.1	40274	40325	path1	39352	39301	minus	79.245	53	159942	153931	42	9	2
NC_039597.1	130034	130061	path1	10666	10692	plus	92.857	28	159942	153931	26	1	1
NC_039597.1	48870	48895	path1	37690	37665	minus	92.308	26	159942	153931	24	2	0
NC_039597.1	38511	38536	path1	47728	47703	minus	92.308	26	159942	153931	24	2	0
NC_039597.1	114661	114692	path1	110987	110956	minus	88.235	34	159942	153931	30	0	4
NC_039597.1	134038	134069	path1	110956	110987	plus	88.235	34	159942	153931	30	0	4
NC_039597.1	134038	134069	path1	129916	129885	minus	88.235	34	159942	153931	30	0	4
NC_039597.1	114661	114692	path1	129885	129916	plus	88.235	34	159942	153931	30	0	4
NC_039597.1	63118	63140	path1	61710	61688	minus	95.652	23	159942	153931	22	1	0
NC_039597.1	33045	33086	path1	32946	32989	plus	81.818	44	159942	153931	36	6	2
NC_039597.1	38448	38472	path1	47784	47760	minus	92.000	25	159942	153931	23	2	0
NC_039597.1	86184	86232	path1	80084	80038	minus	79.592	49	159942	153931	39	8	2
NC_039597.1	29258	29277	path1	101594	101575	minus	100.000	20	159942	153931	20	0	0
NC_039597.1	29258	29277	path1	139278	139297	plus	100.000	20	159942	153931	20	0	0
NC_039597.1	48317	48338	path1	17459	17480	plus	95.455	22	159942	153931	21	1	0
NC_039597.1	30120	30146	path1	34538	34512	minus	88.889	27	159942	153931	24	3	0
NC_039597.1	17902	17923	path1	47162	47183	plus	95.455	22	159942	153931	21	1	0
NC_039597.1	120292	120318	path1	57361	57387	plus	88.889	27	159942	153931	24	3	0
NC_039597.1	81709	81742	path1	84407	84372	minus	83.333	36	159942	153931	30	4	2
NC_039597.1	58706	58732	path1	116428	116454	plus	88.889	27	159942	153931	24	3	0
NC_039597.1	7034	7056	path1	124470	124447	minus	95.833	24	159942	153931	23	0	1
NC_039597.1	48763	48793	path1	12549	12581	plus	84.848	33	159942	153931	28	3	2
NC_039597.1	70239	70263	path1	18434	18409	minus	92.308	26	159942	153931	24	1	1
NC_039597.1	130611	130641	path1	28513	28481	minus	87.879	33	159942	153931	29	2	2
NC_039597.1	8781	8804	path1	37604	37627	plus	91.667	24	159942	153931	22	2	0
NC_039597.1	48928	48951	path1	37627	37604	minus	91.667	24	159942	153931	22	2	0
NC_039597.1	18864	18889	path1	68815	68791	minus	92.308	26	159942	153931	24	1	1
NC_039597.1	15751	15779	path1	89475	89503	plus	86.207	29	159942	153931	25	4	0
NC_039597.1	15751	15779	path1	151397	151369	minus	86.207	29	159942	153931	25	4	0
NC_039597.1	63102	63122	path1	6168	6148	minus	95.238	21	159942	153931	20	1	0
NC_039597.1	75062	75106	path1	8896	8938	plus	80.000	45	159942	153931	36	7	2
NC_039597.1	131832	131852	path1	12563	12583	plus	95.238	21	159942	153931	20	1	0
NC_039597.1	118242	118268	path1	47027	47000	minus	89.286	28	159942	153931	25	2	1
NC_039597.1	46345	46370	path1	61693	61663	minus	83.871	31	159942	153931	26	0	5
NC_039597.1	40157	40177	path1	69668	69688	plus	95.238	21	159942	153931	20	1	0
NC_039597.1	100246	100276	path1	98265	98235	minus	83.871	31	159942	153931	26	5	0
NC_039597.1	148454	148484	path1	98235	98265	plus	83.871	31	159942	153931	26	5	0
NC_039597.1	81248	81268	path1	127111	127131	plus	95.238	21	159942	153931	20	1	0
NC_039597.1	12898	12918	path1	127759	127779	plus	95.238	21	159942	153931	20	1	0
NC_039597.1	148454	148484	path1	142637	142607	minus	83.871	31	159942	153931	26	5	0
NC_039597.1	100246	100276	path1	142607	142637	plus	83.871	31	159942	153931	26	5	0
NC_039597.1	117758	117786	path1	8447	8476	plus	86.667	30	159942	153931	26	3	1
NC_039597.1	63094	63116	path1	15271	15293	plus	91.304	23	159942	153931	21	2	0
NC_039597.1	34541	34558	path1	33807	33790	minus	100.000	18	159942	153931	18	0	0
NC_039597.1	113708	113725	path1	105082	105065	minus	100.000	18	159942	153931	18	0	0
NC_039597.1	135005	135022	path1	105065	105082	plus	100.000	18	159942	153931	18	0	0
NC_039597.1	107229	107246	path1	110030	110013	minus	100.000	18	159942	153931	18	0	0
NC_039597.1	141484	141501	path1	110013	110030	plus	100.000	18	159942	153931	18	0	0
NC_039597.1	46359	46388	path1	114201	114229	plus	86.667	30	159942	153931	26	3	1
NC_039597.1	10977	11000	path1	126005	126029	plus	92.000	25	159942	153931	23	1	1
NC_039597.1	141484	141501	path1	130859	130842	minus	100.000	18	159942	153931	18	0	0
NC_039597.1	107229	107246	path1	130842	130859	plus	100.000	18	159942	153931	18	0	0
NC_039597.1	135005	135022	path1	135807	135790	minus	100.000	18	159942	153931	18	0	0
NC_039597.1	113708	113725	path1	135790	135807	plus	100.000	18	159942	153931	18	0	0
NC_039597.1	79819	79838	path1	5293	5274	minus	95.000	20	159942	153931	19	1	0
NC_039597.1	79352	79376	path1	6438	6414	minus	88.000	25	159942	153931	22	3	0
NC_039597.1	5497	5527	path1	7237	7268	plus	84.375	32	159942	153931	27	4	1
NC_039597.1	86197	86233	path1	23321	23356	plus	81.081	37	159942	153931	30	6	1
NC_039597.1	39580	39610	path1	33437	33468	plus	84.375	32	159942	153931	27	4	1
NC_039597.1	39578	39610	path1	49692	49727	plus	83.333	36	159942	153931	30	3	3
NC_039597.1	45831	45859	path1	59445	59419	minus	86.207	29	159942	153931	25	2	2
NC_039597.1	63095	63119	path1	61690	61666	minus	88.000	25	159942	153931	22	3	0
NC_039597.1	135042	135061	path1	69429	69410	minus	95.000	20	159942	153931	19	1	0
NC_039597.1	113669	113688	path1	69410	69429	plus	95.000	20	159942	153931	19	1	0
NC_039597.1	64201	64220	path1	75332	75351	plus	95.000	20	159942	153931	19	1	0
NC_039597.1	38169	38188	path1	83840	83859	plus	95.000	20	159942	153931	19	1	0
NC_039597.1	126764	126788	path1	96171	96195	plus	88.000	25	159942	153931	22	3	0
NC_039597.1	116854	116887	path1	101617	101586	minus	85.294	34	159942	153931	29	3	2
NC_039597.1	19735	19754	path1	102862	102881	plus	95.000	20	159942	153931	19	1	0
NC_039597.1	120314	120333	path1	106464	106445	minus	95.000	20	159942	153931	19	1	0
NC_039597.1	70868	70887	path1	109974	109993	plus	95.000	20	159942	153931	19	1	0
NC_039597.1	119196	119220	path1	115392	115368	minus	88.000	25	159942	153931	22	3	0
NC_039597.1	16882	16906	path1	116219	116243	plus	88.000	25	159942	153931	22	3	0
NC_039597.1	132892	132916	path1	116399	116375	minus	88.000	25	159942	153931	22	3	0
NC_039597.1	52315	52334	path1	121900	121881	minus	95.000	20	159942	153931	19	1	0
NC_039597.1	150538	150562	path1	122814	122790	minus	88.000	25	159942	153931	22	3	0
NC_039597.1	98168	98192	path1	122790	122814	plus	88.000	25	159942	153931	22	3	0
NC_039597.1	48401	48435	path1	125999	126033	plus	80.000	35	159942	153931	28	7	0
NC_039597.1	120239	120263	path1	128800	128776	minus	88.000	25	159942	153931	22	3	0
NC_039597.1	70868	70887	path1	130898	130879	minus	95.000	20	159942	153931	19	1	0
NC_039597.1	120314	120333	path1	134408	134427	plus	95.000	20	159942	153931	19	1	0
NC_039597.1	19735	19754	path1	138010	137991	minus	95.000	20	159942	153931	19	1	0
NC_039597.1	116854	116887	path1	139255	139286	plus	85.294	34	159942	153931	29	3	2
NC_039597.1	126764	126788	path1	144701	144677	minus	88.000	25	159942	153931	22	3	0
NC_039597.1	479	495	path1	453	437	minus	100.000	17	159942	153931	17	0	0
NC_039597.1	128944	128971	path1	5239	5211	minus	86.207	29	159942	153931	25	3	1
NC_039597.1	32205	32236	path1	8689	8720	plus	81.250	32	159942	153931	26	6	0
NC_039597.1	14558	14574	path1	14200	14184	minus	100.000	17	159942	153931	17	0	0
NC_039597.1	246	284	path1	15297	15260	minus	79.487	39	159942	153931	31	7	1
NC_039597.1	118485	118501	path1	21458	21474	plus	100.000	17	159942	153931	17	0	0
NC_039597.1	29118	29139	path1	27801	27822	plus	90.909	22	159942	153931	20	2	0
NC_039597.1	63171	63207	path1	29484	29520	plus	78.378	37	159942	153931	29	8	0
NC_039597.1	8942	8973	path1	31507	31538	plus	81.250	32	159942	153931	26	6	0
NC_039597.1	88046	88083	path1	32287	32253	minus	78.947	38	159942	153931	30	5	3
NC_039597.1	27370	27401	path1	38128	38159	plus	81.250	32	159942	153931	26	6	0
NC_039597.1	28386	28402	path1	38743	38727	minus	100.000	17	159942	153931	17	0	0
NC_039597.1	71138	71154	path1	39181	39197	plus	100.000	17	159942	153931	17	0	0
NC_039597.1	119396	119417	path1	53728	53749	plus	90.909	22	159942	153931	20	2	0
NC_039597.1	54297	54313	path1	56278	56294	plus	100.000	17	159942	153931	17	0	0
NC_039597.1	83962	83988	path1	61669	61695	plus	85.185	27	159942	153931	23	4	0
NC_039597.1	72226	72242	path1	62439	62423	minus	100.000	17	159942	153931	17	0	0
NC_039597.1	30099	30132	path1	66236	66271	plus	80.556	36	159942	153931	29	5	2
NC_039597.1	71070	71098	path1	77467	77440	minus	86.207	29	159942	153931	25	3	1
NC_039597.1	67858	67884	path1	91922	91948	plus	85.185	27	159942	153931	23	4	0
NC_039597.1	48186	48207	path1	98248	98269	plus	90.909	22	159942	153931	20	2	0
NC_039597.1	133434	133455	path1	99827	99848	plus	90.909	22	159942	153931	20	2	0
NC_039597.1	148448	148464	path1	101611	101595	minus	100.000	17	159942	153931	17	0	0
NC_039597.1	100266	100282	path1	101595	101611	plus	100.000	17	159942	153931	17	0	0
NC_039597.1	128432	128448	path1	113804	113820	plus	100.000	17	159942	153931	17	0	0
NC_039597.1	131832	131853	path1	115012	114991	minus	90.909	22	159942	153931	20	2	0
NC_039597.1	48776	48792	path1	121458	121442	minus	100.000	17	159942	153931	17	0	0
NC_039597.1	117571	117587	path1	124435	124451	plus	100.000	17	159942	153931	17	0	0
NC_039597.1	5355	5383	path1	124959	124932	minus	86.207	29	159942	153931	25	3	1
NC_039597.1	86887	86903	path1	125833	125849	plus	100.000	17	159942	153931	17	0	0
NC_039597.1	100266	100282	path1	139277	139261	minus	100.000	17	159942	153931	17	0	0
NC_039597.1	148448	148464	path1	139261	139277	plus	100.000	17	159942	153931	17	0	0
NC_039597.1	133434	133455	path1	141045	141024	minus	90.909	22	159942	153931	20	2	0
NC_039597.1	48186	48207	path1	142624	142603	minus	90.909	22	159942	153931	20	2	0
NC_039597.1	67858	67884	path1	148950	148924	minus	85.185	27	159942	153931	23	4	0
